    ----------------------------------------------------
	Your MATLAB license will expire in 52 days.
	Please contact your system administrator or
	MathWorks to renew this license.
    ----------------------------------------------------
48*1024*1024

ans =

    50331648

1024*4*1024

ans =

     4194304

1200000/32

ans =

       37500

32*200*200

ans =

     1280000

32*200*200/32

ans =

       40000

40000/8

ans =

        5000

40000/16

ans =

        2500

40000/32

ans =

        1250

sqrt(40000)

ans =

   200

sqrt(40000/16)

ans =

    50

sqrt(40000/32)

ans =

   35.3553

sqrt(40000/64)

ans =

    25

sqrt(40000/4)

ans =

   100

sqrt(128)

ans =

   11.3137

16^2

ans =

   256

200/16

ans =

   12.5000

200/32

ans =

    6.2500

40*200*32*5

ans =

     1280000

4*1024*1024*1024/(44)

ans =

   9.7613e+07

(4*10^9-4*1200000)/(4*11)

ans =

    90800000

4*4*1280000

ans =

    20480000

4*4*1280000/1024/1024/1024

ans =

    0.0191

4*4*1280000/1024/1024

ans =

   19.5313

(4*10^9-4*1200000)/(4*11)

ans =

    90800000

4*1024/(11*4/1024/1024)

ans =

   9.7613e+07

40000000*11*4/1024/1024/1024

ans =

    1.6391

97000000*11*4/1024/1024/1024

ans =

    3.9749

97000000*12*4/1024/1024/1024

ans =

    4.3362

80000000*12*4/1024/1024/1024

ans =

    3.5763

4*1000*20000000

ans =

   8.0000e+10

4*1000*20000000/1024/1024/1024

ans =

   74.5058

4*1000*1024/1024/1024/1024

ans =

    0.0038

20000*20000*180

ans =

   7.2000e+10

72000000000

ans =

   7.2000e+10

2000*2000*180

ans =

   720000000

326-155

ans =

   171

doc doc
360+180

ans =

   540

540/.25

ans =

        2160

2160*4/1024/1024

ans =

    0.0082

2160*4/1024

ans =

    8.4375

5/.001

ans =

        5000

5000*20000*2160

ans =

   2.1600e+11

5000*20000*2160*4/1024/1024/1024

ans =

  804.6627

5000*20000*180*4/1024/1024/1024

ans =

   67.0552

500*2000*180*4/1024/1024/1024

ans =

    0.6706

20/.001*4/1024/1024

ans =

    0.0763

20/.001*4/
 20/.001*4/
           |
Error: Expression or statement is incomplete or incorrect.
 
20/.001*4

ans =

       80000

20/.001*4/1024

ans =

   78.1250

360+720

ans =

        1080

1080/.25*4

ans =

       17280

1080/.25

ans =

        4320

1080/.25*4/1024

ans =

   16.8750

4*pi

ans =

   12.5664

format long
4*pi

ans =

  12.566370614359172

4*pi-0.001

ans =

  12.565370614359173

4*pi-pi/720

ans =

  12.562007291229186

.25*pi/180

ans =

   0.004363323129986

4*pi-ans

ans =

  12.562007291229186

4*pi

ans =

  12.566370614359172

18.849556/0.004363

ans =

     4.320319963327986e+03

-2*pi + 4320*(.25*pi/180)

ans =

  12.566370614359172

4*pi

ans =

  12.566370614359172

6*pi/(0.1*pi/180)

ans =

       10800

6*pi/(0.25*pi/180)

ans =

        4320

6*pi/(0.01*pi/180)

ans =

     1.080000000000000e+05

6*pi/(0.001*pi/180)

ans =

     1080000

log(0)

ans =

  -Inf

log(0.001)

ans =

  -6.907755278982137

log(0.0001)

ans =

  -9.210340371976182

log(0.00000000000000000000001)

ans =

 -52.959457138863051

log(0.000000000000000000000000000000000000000000000000000000000001)

ans =

    -1.381551055796427e+02

log(1E-100)

ans =

    -2.302585092994046e+02

log(1E-1000000000)

ans =

  -Inf

log(1E-100000000)

ans =

  -Inf

log(1E-10000000)

ans =

  -Inf

log(1E-1000000)

ans =

  -Inf

log(1E-100000)

ans =

  -Inf

log(1E-10000)

ans =

  -Inf

log(1E-1000)

ans =

  -Inf

log(1E-100)

ans =

    -2.302585092994046e+02

log(1E-500)

ans =

  -Inf

log(1E-200)

ans =

    -4.605170185988092e+02

log(1E-300)

ans =

    -6.907755278982137e+02

log(1E-400)

ans =

  -Inf

log(1E-35)

ans =

 -80.590478254791606

log(1E-350)

ans =

  -Inf

log(1E-340)

ans =

  -Inf

log(1E-330)

ans =

  -Inf

log(1E-320)

ans =

    -7.368272408909739e+02

log(1E-325)

ans =

  -Inf

log(1E-324)

ans =

  -Inf

log(1E-323)

ans =

    -7.437469247408213e+02

format long
log(1E-323)

ans =

    -7.437469247408213e+02

log(1E-324)

ans =

  -Inf

log(0.001)

ans =

  -6.907755278982137

20/0.001

ans =

       20000

20/0.001*5*4/1024/1024

ans =

   0.381469726562500

20/0.001*5*4/1024

ans =

     3.906250000000000e+02

81920*5

ans =

      409600

81920*5/1024

ans =

   400

80004*5/1024

ans =

     3.906445312500000e+02

20001*4/1024

ans =

  78.128906250000000

20001*4

ans =

       80004

20001*4*5/1024

ans =

     3.906445312500000e+02

20001*4*5

ans =

      400020

20001*4*5/1024

ans =

     3.906445312500000e+02

40001*4*5/1024

ans =

     7.812695312500000e+02

(40/0.0001+1)*5*4/1024/1024

ans =

   7.629413604736328

40/0.0001+1

ans =

      400001

0.25/.001

ans =

   250

0.267/0.0001

ans =

        2670

0.267/0.001

ans =

   267

0.2677/0.001

ans =

     2.677000000000000e+02

0.2677/0.0001

ans =

        2677

